58518 4911
56372 698
35345 3714
55196 6556
24946 528
13414 639
11259 11864
31063 6181
3410 2359
3531 87
113030 8582
6326 587
32357 35
13479 2912
2360 3059
582 194
27063 539
72160 43355
6614 670
117024 2775
88410 2506
15503 3284
67407 2763
8554 4647
47985 47547
26924 3573
11220 17567
1635 12888
1749 3674
22591 13639
191 6348
89381 3084
9379 1615
3249 2636
103710 1082
15210 108303
46568 139
83809 98
30958 10660
179 182
4425 24431
16765 33433
130708 1943
4386 1412
34853 19618
70012 4222
2200 231
2193 3818
3652 7913
50888 1484
4623 1073
127373 406
29830 26409
46702 10437
29467 1180
3222 20578
110435 4514
41969 12311
5785 1198
17460 1052
14576 507
37210 35909
21193 2308
397 233
2567 99
28422 11060
94364 24108
51044 1068
121581 41028
86924 86925
17916 6233
49970 82
96810 1383
8582 873
108710 18072
88419 340
10776 29613
110591 31714
17769 783
79868 1371
40499 1076
3019 59263
128533 2214
31963 704
31963 4521
113418 3452
5568 436
45325 25699
126121 126122
112548 2388
112530 1052
27474 2705
123741 6542
45015 40854
1601 1169
30713 69
53515 10913
114462 16801
17301 6212
66400 1948
67715 11617
100552 3743
4884 811
125319 2026
5255 1489
2621 1536
43381 1556
80539 351
56459 140
3160 48080
27475 2903
47779 20079
115976 782
113511 30616
2995 1139
99554 99555
50067 1136
76341 4340
86008 69287
74879 390
81339 3041
6010 143
3534 1378
90344 35970
27397 1492
76749 1071
13948 1549
7414 32275
25102 48128
48187 48104
33651 13018
9060 39711
8014 9961
1130 3852
11613 3084
22669 4259
99802 24436
88228 81
4757 1906
28214 25470
122621 23442
75574 18583
28296 74314
81473 18696
70594 11786
67593 68785
56659 58056
13523 230
64280 30098
110103 8951
8887 1241
67206 4470
12984 92
11064 74077
100608 34644
123655 1207
53566 26150
24592 9570
66501 2955
33716 5839
79292 13724
33621 4342
15748 15730
3629 117
83050 1052
49297 178
22494 32270
124410 355
3956 498
40728 21387
107421 52
74857 740
80335 183
115155 31475
6850 23110
53015 1052
41318 27
39012 380
62924 2457
1476 4031
64355 4340
62305 3449
13966 2676
18419 3724
111460 1327
106286 28141
121666 8812
78450 1383
8448 1017
7121 1072
1368 1634
14240 4836
2704 47713
27697 95239
114910 1584
84414 1978
100217 4036
12550 5711
4995 667
106130 698
4375 2291
49526 16135
96489 93459
28883 87
31918 123
52378 12686
57849 8773
12640 10229
13684 5808
106020 2878
19231 2198
16608 3572
4596 17314
114675 4383
42954 29495
25582 48046
22873 2979
15353 55066
30730 2181
11065 172
102691 14636
105443 1132
14525 24157
62461 10596
1173 423
112010 18680
2027 1365
114923 122520
34365 29040
42343 20040
22707 20831
1625 18382
12451 10256
5229 34
39331 22300
10403 1121
88762 10763
129343 126
58143 150
4857 16186
157 64
107978 1660
51318 11733
11353 1151
3662 406
6670 56
19484 1054
16938 1178
10903 25569
64580 161
64219 1598
42685 56000
34397 77595
23536 1125
23829 5932
3409 6050
31471 1016
54035 158
5172 2261
12991 16905
1374 18423
48115 15515
32509 1173
1875 41
31675 69274
32879 17408
82464 1161
59829 1694
12820 5557
69746 14417
15173 2886
62733 14135
4818 56620
2245 17667
12327 16383
17875 29307
87641 62744
324 1987
49422 26127
1238 32227
76261 9
6590 2644
93178 350
34829 96
18940 18902
58210 19746
5813 1472
21087 48061
56599 1016
5403 22017
47533 80
23201 29116
2291 2492
9963 4259
13807 4562
31566 47013
2636 9517
52616 7188
92209 10569
43051 134
10312 1154
63928 30614
57708 3749
10 48133
70419 424
753 22492
7787 1290
77832 25603
4923 762
18346 2680
3380 1059
8454 1203
3529 20511
2487 3484
19760 17411
56165 129999
75600 4490
17333 19568
103339 7159
83266 1080
129737 13221
27033 22671
2014 1942
10517 8394
40998 350
21701 2252
49893 1176
32584 3216
61612 678
54769 14976
63648 1675
65553 15011
9224 303
120316 20651
101922 1410
68639 11699
3881 515
1828 19687
2442 175
50312 2182
111664 2267
28693 1170
2621 2620
45879 2268
4085 20564
47182 5989
81430 1410
2599 1228
5107 2587
92715 3432
102825 81717
73029 1177
122285 2236
96076 41643
1493 1953
523 33
4572 1048
27540 6735
4532 1180
28163 18737
92535 13870
3447 9240
50656 1079
34360 1274
130205 27852
14494 13914
2152 3964
71318 181
4119 26559
46 1848
13098 54765
6993 26524
116223 8987
116813 38902
31862 2185
2797 3445
38800 36417
9816 43948
34247 4072
4992 10224
109930 4597
9955 4506
30561 149
52613 2775
97999 32606
70034 4222
105785 2277
94101 56
94125 4223
64602 22408
80769 4650
47887 3391
95955 5614
23199 9960
65367 2619
18891 18886
17704 64090
18001 1263
19552 3751
32921 4493
30125 573
116189 94
4701 16413
69277 9570
3633 1945
60722 18423
76970 132
21280 704
23289 6025
31687 9992
53006 4721
39468 39466
7385 2214
71115 71116
37429 20550
56116 25387
13874 27459
116945 4973
20331 17269
48123 25592
81371 62126
58928 3052
62461 62910
22681 743
48829 2357
9782 31699
65348 37931
4961 4162
1381 14320
26779 61384
113466 3762
9287 678
23775 27775
7828 3739
127182 126906
50576 11076
41403 2232
27270 7208
5923 3756
95514 2581
2085 360
14946 3484
24175 6603
13639 183
93318 751
74365 658
2878 359
18145 27921
78020 47690
21640 2223
22818 2649
69237 80
5845 1573
21688 2738
30119 61
4117 109
16848 24618
37077 2448
6574 13947
90331 39564
2617 62
1777 195
69977 3859
32254 2214
9879 3324
13988 2277
19891 110805
99137 88020
9405 1016
63299 650
2979 1170
42788 9470
11641 90549
49423 16770
4612 180
7622 3439
118621 9897
11278 1953
21623 211
18123 2756
14977 48
7888 1170
21610 14521
1405 8412
112351 2192
70805 4510
16020 24230
32188 12811
1727 32327
103494 74814
68603 20860
6412 1378
77080 1215
18111 20695
106587 50
27427 3540
33762 17640
2755 2395
41805 1360
90534 246
79775 72697
113728 144
41392 95478
42447 16266
20982 38
3559 832
4035 4577
76996 2061
14891 8579
100552 172
8705 2979
48481 13783
5095 19422
63270 1136
23414 7111
31557 27450
26791 16431
30536 13240
13880 5533
69999 66061
84164 639
14544 12087
16944 13136
49942 24158
95197 21985
27665 1161
4762 12002
95825 45113
8917 85
4894 53550
104816 3236
47069 1624
13095 5483
93666 26205
9286 5744
5900 558
30346 35054
78266 9897
40184 70832
3012 3570
84698 883
474 17324
64414 11085
1600 2890
118120 17670
62000 14227
9570 19690
16491 19543
124130 2930
49362 5818
26809 27252
68274 6088
48343 9939
33079 74
16682 14038
30530 7906
98339 6598
89479 13833
38159 1410
111638 20662
2530 1995
16439 4311
6452 6680
4841 53421
69079 20543
24590 24594
7526 97
122059 2380
27017 1300
84964 3727
10969 1267
11908 10461
4894 62
8516 3735
115684 76
9216 14045
94017 11786
71917 47235
82474 38
48690 136
82687 77368
8777 4905
21792 360
9760 594
1732 1798
89290 77512
84825 3084
1862 89615
98005 57869
19285 14994
8148 5848
5865 29885
19960 36712
1020 14229
13858 4728
55514 3725
1464 23337
22822 13678
120750 1466
4517 19659
26974 31740
29989 2433
60102 3847
88786 32602
70591 97
11535 11536
12398 12410
9979 611
13897 25
115310 1134
484 4255
36472 13868
18734 10340
28573 98
25524 19175
99583 33102
91486 51334
37799 14055
69237 33829
41850 180
124185 23
91459 1950
120767 40323
1435 14387
1957 32447
2407 33852
51594 25372
8386 1214
30527 3967
27692 21
49576 40219
97047 11920
1437 22483
36211 3529
15325 4879
8735 1327
5305 5557
63205 13253
68269 26707
20840 9428
26940 38717
109760 1424
1569 22018
5866 29913
53425 4478
2168 198
90968 12659
21911 1139
18083 74
49303 46369
12657 7253
41224 1385
1929 86
36727 1675
129264 10224
83673 9892
7026 2574
16357 51338
61276 49022
23109 22202
108294 2180
458 497
24125 513
26194 1293
48978 33049
64104 5718
1900 10447
85894 4392
129031 5608
84846 17516
58521 521
44528 90
61485 15368
3294 23664
114852 11751
18093 1283
3100 10564
61080 285
85842 1161
69330 3473
26141 2347
42642 6784
31291 125
80276 26866
49606 53409
90668 65
843 424
24971 1381
32794 1060
9540 2215
42726 54578
83111 2757
123495 5537
39880 2348
22057 13837
47729 11743
19974 3677
49653 6859
30015 204
27170 48000
11694 11705
4850 227
114827 21908
3056 1758
80396 1818
24267 3682
75339 43198
14447 4289
42425 16503
1874 2395
40466 22305
63785 3091
4386 19671
15031 1294
46688 31358
35575 10411
73469 27325
66298 9304
73783 4054
80641 47996
105394 29385
39237 1985
45919 4743
11518 2547
4437 1934
67301 1169
84867 1068
104731 172
4801 3052
18869 2890
14561 16086
15432 22601
34837 2457
102352 49725
13932 4503
16784 16796
67934 5602
14565 16483
128211 11039
97 46398
3339 3327
49377 12141
11898 99
97097 6398
6422 306
23729 29884
44222 1056
69969 4334
5749 16462
38726 144
1811 9883
127080 73
112491 1171
16333 1016
78150 7368
214 2030
14499 1058
76947 18372
57020 2248
42084 3873
15977 1549
90083 2370
52630 1293
50697 32266
83994 11868
33933 2619
24713 63857
3656 19950
90849 13238
33285 6324
11219 109
117095 12064
221 185
35757 14986
30610 2036
12426 497
849 9963
20179 1413
15580 5710
25022 33
11323 1675
4169 21132
1835 33998
97397 16526
6261 17852
40492 2027
7896 73
22544 686
76539 1188
3947 3969
101160 14311
80859 45209
32590 3035
82549 33061
37295 9806
27828 686
1077 2273
118573 338
38814 13
27094 26853
76896 2352
7375 8751
72560 526
36466 16483
96953 1195
82109 3793
100920 4385
51733 13964
61723 38444
1150 9805
82829 675
52099 87170
78310 17406
3292 2236
47775 2774
26373 11227
95694 4412
4646 1087
35162 21241
19437 67569
28909 11602
3233 3385
62911 28042
123517 296
93 1942
2578 814
19447 1139
32277 32285
26044 625
14470 110
5236 12627
43071 2180
6876 21
21815 1224
6274 1816
1468 626
22837 4400
23726 33700
113854 1549
60463 59069
29163 1017
31677 25059
11069 1366
48020 38632
29037 1305
51298 1282
65100 42778
8579 99
41543 5710
63136 3993
68502 51933
50415 144
15145 6563
46466 120
4141 2263
96967 568
8552 757
1399 14860
90976 757
83125 2355
51512 12810
124387 99
26792 4212
107567 10333
4722 200
49090 49269
116294 32679
118949 613
25828 214
4644 25178
110249 3456
5603 30201
110931 19768
13762 48204
44946 1924
62163 1562
106393 1656
111398 9984
51867 4081
48990 16602
19130 97
17694 8432
8810 1213
38270 729
38750 3925
8745 15249
45144 1245
24312 29377
37534 1445
104903 96
99728 38293
52013 16988
41154 2937
19974 8419
3956 1332
48914 16988
6485 20738
52842 52846
18545 1427
2887 1070
5149 2026
912 1663
81343 24937
59121 58
50715 38905
33439 59636
75012 29331
6224 6178
86727 110
71950 20835
21613 342
47590 220
32795 29006
120763 5582
44374 56069
105055 1448
122880 29299
65461 4394
58143 2293
92034 17006
25378 3611
15302 275
110548 2204
28926 13708
89657 4219
1649 45367
614 167
103639 18764
64036 6464
2568 9443
39619 516
33175 27415
72565 8454
69582 1196
12848 1293
81799 1020
35921 1058
109375 2099
32036 44470
19815 2833
117553 35
70550 1378
20072 143
13151 17367
34028 16738
79642 10962
44063 912
25156 91
53115 470
9843 151
37916 1924
10282 51011
11906 3727
73107 5409
26647 215
81232 1179
34679 37340
17643 12776
124394 5483
114648 1974
41714 27522
23673 340
124452 43
40905 38749
15176 15177
41739 809
100527 201
5579 2190
5015 236
963 1136
96909 3150
25466 214
8681 2175
36 29243
91289 2955
118232 3989
76041 39
3997 12205
90042 3752
23774 21386
1215 10603
95878 2397
49128 11105
23310 1591
36192 478
31435 16086
93335 24775
12884 2969
111051 27512
4765 165
27279 11746
12817 29192
119783 70435
118206 2380
12084 3465
9535 5923
4780 2439
32048 30968
1989 3672
6237 65255
