249122 128478
199813 158332
216124 216105
75737 135906
13502 3899
177754 124802
204956 12838
211747 211728
204461 12838
225360 189282
291893 260917
217098 177583
121080 121081
310997 306837
24910 23629
16120 15929
193680 228406
286749 286711
262314 124802
223245 222903
122206 122001
288046 287354
22275 48180
184732 184613
96992 97442
3315 12260
312677 311898
49010 4
258259 259299
46320 102265
222443 136036
107056 50713
230446 151241
70335 128542
291333 27797
216241 216208
12711 37432
153983 197331
260576 260577
245285 124802
269006 269111
24974 24975
137492 28904
84312 1963
27136 27475
73292 1876
125494 125478
284083 262726
119734 38620
305759 70143
306871 306862
254774 254789
21394 54239
203840 12838
282956 76184
3371 12358
260426 12129
247697 124802
254870 189282
8761 9843
306215 306196
307983 4770
240114 240083
269363 246191
83252 10243
225673 253971
119043 119330
320334 320333
119450 119261
214608 213994
20490 51484
176849 124619
253781 224954
260754 12129
11498 11
239419 124802
129070 129085
60444 50688
286470 286363
122391 122062
232215 12129
19121 19122
288038 287322
212028 212011
4109 14009
163659 20521
24255 61557
245167 124802
234956 12129
228579 151238
291810 5023
81924 0
228489 151241
22140 22281
140478 140502
222910 222903
225696 140257
8199 13
19536 49638
6236 56312
233106 233110
246873 215326
307281 6
234672 12129
22786 22781
279675 28433
200053 200055
257165 257209
24295 7835
54512 7648
68813 99371
55639 112875
210950 210936
136054 136064
216222 216034
4922 4
306569 306550
309678 309681
214442 214685
224946 31331
292822 212843
42785 98931
41477 41295
254888 80573
311700 307397
176573 176590
286846 286507
241423 211728
310565 310563
234310 234284
97000 97443
201236 5244
134192 134318
228605 228563
222103 222110
133237 73860
233301 198448
182219 130723
198396 12129
26519 75219
19226 48727
229173 229167
199786 158330
23826 116347
226423 31331
193429 193444
136173 136175
223041 222903
8424 150
98265 3079
151522 36406
281808 191646
324936 3811
172645 263784
216817 124802
20382 51112
257606 258252
136157 136125
235276 233037
204531 12838
245417 124802
121811 46468
268126 268472
230523 230527
198337 233062
43806 17073
119055 62706
218244 25367
201241 158772
199869 43051
208799 167426
233834 198328
172247 172442
128147 25774
179999 179977
311455 156
319500 3305
226273 9921
78104 28950
97086 97442
233467 12129
258071 12129
306896 306880
9685 1811
234789 234779
214159 177605
37347 37334
229302 228170
176016 215172
324413 65
133165 73860
122662 122745
28187 0
287232 245938
287264 217752
241024 211327
207908 238982
271534 248736
255179 226437
251916 275834
266544 266579
37618 12849
118493 62535
4127 4125
35256 0
122932 25058
78613 29148
193593 12129
245972 268793
174710 174706
259493 259499
248800 248806
310224 291769
62556 62497
293857 293843
178804 42736
80046 30861
203780 81878
287608 287345
1038 147
260013 199031
214805 175927
235942 259310
198505 155590
293828 309000
231193 230062
258457 258461
264987 266110
233377 12129
205448 12838
310425 291774
308625 313940
176165 124762
144788 32825
5278 17213
123505 64008
282543 257246
269343 124802
258458 258387
245170 124802
230289 230257
271120 217502
211783 211808
240445 210740
264348 212843
1989 1983
204247 12838
6429 59935
234287 198328
268460 268481
226001 72214
122155 122521
260122 12129
39314 13966
311450 307320
222892 222889
176863 176367
22143 12
130680 181899
133055 73860
232552 12129
91693 151396
253854 189297
101066 39
115425 115565
229693 229712
204144 12838
28013 7784
226241 31325
228512 228523
229678 193592
170980 209736
230514 193592
291317 13161
1530 7408
282838 199147
142163 1877
245269 124802
74845 26500
230373 230382
3635 12786
254708 189282
78027 28913
235043 12129
267183 213917
234552 234565
269682 124802
291432 282052
232840 233947
45808 10799
76327 136348
316663 307327
306215 306233
123707 64013
4153 1062
77378 1683
176361 176299
78443 28597
42581 98774
231283 231360
265679 264860
105312 162293
252099 277609
21224 11959
160596 129064
199659 157878
289142 133594
62368 12562
204021 12838
43723 100103
229004 193592
439 2426
92970 12652
81196 31535
3054 11444
122269 122815
218591 126265
115447 59916
269669 124802
212989 0
228529 12129
215675 177376
225255 80573
215616 215818
253735 253725
31350 80689
309298 222747
307037 307039
259790 259782
230662 230650
122627 122615
174952 102626
217947 248970
233779 233773
208524 166703
15885 15981
309042 129083
324946 77938
176012 215144
230429 12129
27124 27121
310153 305966
230994 230993
157619 157614
265734 264848
254541 80567
199531 15564
185740 222182
15574 16337
228806 228794
220181 180434
259311 259310
307077 307132
307995 313677
217634 217618
25294 65683
130992 130924
98898 98912
110864 166797
98846 16485
173526 38620
217102 124788
157899 42783
139861 30828
123642 123583
172246 172424
187710 77700
193724 193592
257838 257864
26699 20978
193978 6791
5405 13677
308272 308467
291991 291990
175385 123494
118439 212863
206164 4770
269380 246191
259140 259151
208351 208334
258641 258632
80582 140284
124490 216603
233821 12129
122686 63726
220420 180666
141093 141069
260034 260045
247584 217625
35074 56502
31800 81710
174573 72531
43215 99486
161784 12838
307522 307498
180498 180490
1883 119
184384 133001
271658 124802
234548 155590
258602 12129
91389 862
229524 228390
127810 127962
122168 122151
229777 12129
259902 260312
241386 172200
133642 133897
246367 246691
186989 136040
282930 76144
204037 12838
210297 210321
287536 124802
229861 229870
251932 275996
236457 5109
33023 33025
226147 254126
141518 141553
260333 259189
306266 306270
6046 5265
211264 211219
270147 270456
248796 124802
72900 72896
8650 1828
233280 233282
193717 230194
234444 234436
19439 28257
188782 188769
284076 82562
282700 236189
220143 180386
13637 13649
230229 193717
212 1733
233281 233276
161357 83118
313478 307824
232504 232508
247875 217627
125195 65419
269254 124802
36459 44159
231984 232647
70785 128869
21471 54292
62975 119890
190299 141517
29899 79840
26376 73948
193558 16243
118735 62398
205067 12838
213643 63409
231633 1181
258108 258101
24843 62874
199735 158390
262144 124802
251988 276618
231285 12129
240320 240316
178040 35820
232823 12129
189975 81462
225866 189296
282789 236299
234931 234928
11891 0
217285 177711
65225 124748
99562 200199
181517 130119
1490 7172
257854 257857
247857 124802
122314 175179
219274 219299
313530 136224
271478 248834
161881 12838
180607 180613
206735 164553
232491 232463
46431 46432
120578 174463
115089 49392
219841 129230
229532 229553
254084 254038
150599 193418
8361 29347
292722 212812
243808 243829
230830 12129
114097 170020
252179 278560
256026 31276
32055 82188
232588 232577
288947 28925
174970 174937
231425 193737
251589 273162
271679 124802
22143 112956
255206 254611
235544 76096
175042 25058
244130 243546
162165 12838
229605 229600
234665 12129
1353 6976
27971 1689
63712 46468
80404 131045
30513 1829
247639 217566
9436 1828
60438 116117
95739 3944
10386 1017
119756 119723
17377 1789
215857 215591
20759 5075
23310 1258
141512 141510
267624 287174
60956 23980
239205 124802
217408 177698
213937 213927
287275 217853
228827 228842
231322 231355
21664 54539
179877 179855
158758 100145
214152 215262
189923 141109
258865 258877
131678 184083
150444 193049
97083 97443
246867 246005
41652 15920
271551 217492
193068 193058
269422 246195
169496 37429
128131 25726
18413 47445
229049 229039
5943 20910
193627 228666
76877 27188
30452 30440
66156 25367
78347 26196
3034 11412
205490 12838
128064 25774
128019 25734
236361 199350
235803 198660
215420 247239
122439 102626
204868 12838
292606 308158
97092 97443
248670 271020
264381 242535
204144 12838
259656 199029
318063 313558
261865 283666
258451 258350
229766 229810
174990 174941
227912 193314
17709 45113
156671 156674
22852 11660
150538 150542
182328 130720
252872 136192
8656 1828
38827 13304
239395 239298
260654 260708
93196 19035
227846 193175
52837 109187
60816 116402
3634 12781
215873 215600
232495 232514
6848 24580
10932 26
231361 231435
222564 250868
201819 202364
2512 2511
228863 193656
291858 236206
9200 9346
260175 260177
25135 32139
175225 16527
282826 199147
279608 139362
139467 29195
283879 124769
206788 206761
2319 2310
307786 307795
314657 862
122505 122826
125175 177922
239254 124802
270594 270491
202386 202023
280865 31331
291252 954
319587 307395
255767 80569
266640 124802
230538 151241
225077 224954
118899 62630
214182 124802
229271 229284
71531 130666
243986 244070
117062 173057
17094 17098
251917 275855
209033 239493
246528 246564
246928 246010
252142 278212
35216 35220
129788 129793
56610 114012
97091 97442
281397 290677
34182 90374
73252 132111
291392 125577
78517 8344
255200 31331
148499 191271
247965 124802
266346 285500
231074 230354
39284 86
262034 207604
69665 69712
77925 1671
11398 34539
262452 75711
287713 287371
139843 30829
245168 214175
256687 281869
244054 244487
234427 234433
258821 258831
254279 225791
58504 114195
87446 89151
70415 70391
235702 198658
211579 211586
222116 222103
123610 123646
224424 7902
253850 80576
313376 307821
73845 73832
122302 102627
203798 12838
28957 138320
107503 164492
243811 243559
221887 134064
6371 23051
148834 191271
42516 42517
258706 258723
111996 167876
211831 211848
3777 3771
56070 113204
260620 260721
248173 124802
9342 1828
83304 2742
35144 51011
287993 287330
25733 25787
306374 306359
1112 202
144746 32826
176206 65194
108002 14540
37278 12657
170595 59800
118271 173349
133298 133673
213885 243641
256092 189282
262191 208396
137554 28904
24109 61224
141876 21975
119067 62699
232575 232560
7322 0
262851 60341
13638 3269
194171 231613
291869 282662
188732 184048
228484 228462
37809 93245
258713 258721
208732 167423
219414 249482
242990 264738
4143 1038
98268 3079
27265 27291
306003 306001
73682 104611
229273 229289
68859 68857
56547 56541
242672 242575
310575 291777
291392 282009
240514 210831
97206 97443
258354 258411
118286 1434
232236 232237
48355 19201
36384 91955
267917 268250
236039 12129
49308 5910
266259 217859
203518 12838
258650 199030
220316 180537
258501 12129
162703 205753
256019 31331
170920 170887
189532 9940
257856 257878
271482 248801
163643 107389
262148 124802
205027 12838
240636 210936
15531 41282
44611 44642
42493 42494
184807 73859
29077 35944
288042 124769
137552 188524
74022 15415
673 2957
223008 24228
186920 53763
9028 1802
52505 52512
261873 207165
115248 16248
245188 244961
251610 273334
177619 124802
256630 3769
246567 246004
180081 180117
240566 172141
21841 37396
281173 189282
307137 307195
141138 141110
251961 276347
112640 169470
13132 13163
258074 199028
232355 12129
514 2607
136098 136132
81174 9940
223149 24228
61913 14540
134058 134056
83288 162
324417 920
287832 287353
202303 202257
120149 2185
23503 115774
9625 1828
204025 12838
202266 159936
175967 215219
71916 81946
131359 46491
270001 270359
259958 259949
229681 229678
271590 217499
155990 235876
182906 130723
280659 7835
205371 12838
259749 12129
133921 133016
119734 119703
112618 169397
260369 260362
156663 199330
206569 206559
115838 171405
136089 136093
170529 170511
262067 910
74395 134945
225254 254322
22823 22825
244078 243954
205279 12838
3870 3899
231267 230421
20481 20477
249254 249256
284100 209729
193745 151238
270171 270112
270054 270383
240351 210538
307635 307499
258430 258426
191180 226901
324661 324638
5191 16822
234600 233446
142594 83255
121766 121655
110637 165667
313371 313382
243724 266274
60965 23981
102375 102428
287615 267808
118778 62444
24296 116996
228254 12129
232473 232457
287536 124802
71518 130623
251987 276603
220711 180900
226424 254605
214411 214966
27185 63364
133922 133439
30141 30830
199757 158345
116428 0
204581 12838
128914 128946
25977 25971
159664 58825
225138 140172
256060 80572
133241 73860
241246 211548
17260 44254
260044 236078
233702 232584
229446 12129
164635 206899
158586 99983
7528 25403
271378 124802
122516 174937
247780 217635
97734 157076
235711 82317
128238 34824
184636 134061
155617 155615
201845 102186
283861 124802
257048 12891
168745 112439
228746 12129
314468 32554
210688 210681
203831 81878
6595 24086
154579 39630
291079 174674
56727 8
181497 130092
208014 166681
233278 233289
247775 124803
66640 125725
199472 199518
221669 28904
230442 230438
80187 139893
129795 129797
80062 30987
122392 63761
306148 306154
289851 303765
2784 10905
313534 136224
226383 189312
233985 233865
198152 231932
230264 230280
18938 12791
235205 235179
312286 307399
260473 260474
307529 307466
257523 235904
239435 124802
24259 61566
133844 133412
107932 164842
136947 27107
140517 140531
65655 794
258722 258717
62788 28564
11265 13625
22930 58961
115537 59914
224665 253419
155619 155636
232444 233575
269236 269111
21960 55351
91441 25308
122631 122813
286279 20969
313683 283815
3605 832
83159 29037
180190 180177
190325 141577
282609 24387
29806 9586
98848 42673
245538 175976
203811 12838
12715 37454
147089 191269
323980 323987
316368 310059
225042 80575
211252 211220
44027 100412
260608 260603
255581 255584
249949 78064
255248 189282
228788 12129
271218 124802
310794 306620
261472 283089
193734 229412
98205 42416
192522 2857
95450 39174
76659 27168
181504 130092
116078 171590
235187 235124
252095 290113
24309 16425
