3441 239
1964 1962
4470 3311
3027 10
1053 422
953 3288
4349 1545
206 3900
50 212
1097 681
3701 1048
5476 1161
801 1873
1166 4275
6314 2595
6046 996
658 660
6139 2310
1955 1781
124 484
6639 6210
4811 4808
3345 1296
2267 926
6064 6128
851 10
3361 3976
124 31
5123 5203
3998 3999
802 2987
4480 2168
539 135
6556 1741
3351 3967
6728 1872
5157 138
4864 18
3644 1577
2128 3935
6625 6623
2590 4509
3951 960
839 10
3949 1083
5512 2313
4178 1562
2375 169
1583 1058
2798 2801
2184 563
4168 4724
5645 1009
2160 2143
1951 1712
2884 1091
1602 1648
2418 5166
1160 694
4703 4702
6431 4911
5264 5262
6334 5351
195 1044
1558 421
1334 1336
2933 787
1857 6126
31 5341
6807 1084
6196 4869
443 631
6346 2239
6226 1052
1890 1889
2867 2864
1112 3227
2595 5637
2641 3546
1611 1614
1030 1028
4096 6847
2606 2605
5140 5052
2241 802
3873 271
952 89
1786 858
1622 441
4773 4681
1761 2241
1170 1171
5175 5121
2186 61
1772 593
5713 2391
1952 6894
393 94
6617 729
5997 5578
3975 2420
2305 2291
5429 4978
1037 63
6137 3889
6063 6065
1281 1263
757 4166
1608 1613
1701 116
1566 1462
5070 1411
6789 1930
4160 294
5201 5199
5927 5842
3138 3009
2976 2975
6063 6125
5814 4160
3470 3471
2202 2201
2489 2490
2114 535
2918 150
61 1003
6299 296
4849 1293
3695 5615
37 599
164 1138
3847 1137
256 3624
2364 2361
384 3
2122 874
1678 5994
5258 5254
5852 5821
6766 409
1751 785
4212 359
2594 683
534 4724
627 2650
170 3292
6520 121
4776 755
901 3310
482 2110
1098 1091
2883 1436
3507 2144
589 2218
4959 3038
1125 71
6465 6463
2139 625
2494 5071
441 1704
460 4707
2308 266
1429 1439
6849 70
1858 1859
5423 5425
3648 91
3196 2131
1821 1426
390 3277
5511 635
471 1804
5931 5940
935 933
1237 247
1732 26
2923 1545
6602 101
1670 1674
3819 3809
265 701
2993 1260
3164 853
13 2922
2332 3844
197 771
5100 2525
5395 391
3775 4171
3345 3372
2833 254
1611 1612
5809 1647
99 96
117 6085
5181 5179
998 563
6691 6681
1753 1598
3026 2977
338 822
568 5145
2592 639
5645 409
536 785
4126 3801
228 3303
6831 1480
5675 3845
1513 655
1720 1706
2416 649
551 3196
5237 3867
670 40
66 1066
2163 152
2685 413
627 629
3147 215
3889 65
879 3806
4778 3526
704 705
370 229
1531 1772
25 27
2137 39
6414 1206
5640 2280
413 107
4889 4883
1030 579
139 532
6122 6121
3286 533
481 631
1339 1080
5398 5396
1595 24
5222 4921
1380 4379
2980 2990
3407 6306
1034 538
4152 3683
2122 2191
1476 1505
75 1073
792 5287
1403 1396
661 5822
3163 91
115 5853
4650 4649
6880 6878
3754 1906
96 801
6362 1500
1667 5926
842 217
5398 6598
6098 448
6067 3465
5193 3682
1966 1972
416 405
3817 3832
6370 1798
5541 990
5 130
259 3687
5216 5636
2038 33
731 1834
468 1777
3642 2552
151 2140
1167 382
133 6792
2094 2063
689 529
269 1050
4579 4577
215 5922
6257 1763
4693 55
4371 565
2002 1996
5934 5557
1275 763
5655 409
2145 4497
328 330
1807 474
456 458
6422 2787
4801 6437
6185 3577
4555 320
997 730
188 833
2096 512
1750 457
1839 1638
2847 270
2147 5158
872 3674
2763 188
1768 195
3172 218
3292 1122
513 2546
6137 862
5884 1882
3783 1622
6113 3035
4248 1008
3462 56
538 533
753 750
5402 551
1167 1476
2816 2150
1309 5097
6597 1784
6046 5097
2899 782
1774 1772
2144 2140
1814 2093
6105 5923
5216 2380
6276 6293
1049 1003
3027 1231
4531 837
3531 206
4955 629
1252 4557
6676 6674
1085 583
1153 74
2138 1912
6219 1738
5793 5666
2420 2927
5351 1532
1514 5397
618 961
643 639
5637 3808
6571 1952
1904 6714
11 240
3430 933
6804 4789
6688 499
6710 6
6617 635
2745 2761
449 450
6358 6376
6671 520
5662 409
2179 2891
97 1415
5203 1149
6797 2829
421 1609
6800 3343
153 151
1230 1281
2532 293
6311 124
1446 5187
3110 3108
1983 3941
1945 579
328 327
2165 4049
1515 1564
6634 6652
2486 173
4692 1111
1964 6219
2913 722
1937 134
156 1568
5586 5146
2591 17
1489 1491
2676 707
2554 3969
1783 1797
5563 19
162 464
5030 1909
6128 5448
2325 38
3369 3381
1443 2184
1303 4720
3540 1106
1279 1277
227 226
1730 490
6436 477
4416 4418
2306 2301
6829 150
23 28
4994 561
11 875
5276 5279
5004 5000
4671 332
5231 5230
4127 1122
3756 263
2122 3682
106 426
6007 6006
4422 858
2580 4467
6151 6346
1523 2586
1793 1794
1875 131
2492 1624
433 5895
2202 1250
6532 636
37 159
3377 1296
1906 6698
6765 995
6619 6656
6443 2849
2320 2302
3026 10
4843 349
3937 592
154 998
4160 836
5957 1667
4966 5699
233 917
1478 1217
4629 2194
3625 3626
6349 473
6105 6234
4592 325
6231 4167
5316 1077
2436 2431
1072 1078
4153 2112
401 402
1116 4104
807 806
1861 1814
868 867
5729 417
113 26
4491 1228
2992 593
946 941
3651 3652
1104 69
3583 3587
6129 6123
2123 4357
3964 214
3410 235
2182 2197
2715 188
2667 2682
3638 3636
4473 228
131 126
2721 741
6456 762
2001 2004
3593 252
4592 17
98 94
3508 1436
3796 1025
2988 210
2048 2051
1108 3493
855 3174
4581 1257
5859 1893
1415 1497
459 26
6830 2195
6067 5931
4592 323
2605 676
6821 6828
67 1077
4227 1168
1535 5322
510 513
6728 6727
4285 4284
5921 1662
3540 3537
804 3179
4579 150
1528 1525
557 979
1304 4179
466 4038
9 3052
5699 5683
2604 2072
3337 6473
416 625
5205 5204
2903 992
4347 4346
6094 131
5076 6541
3849 1043
659 2394
902 3311
1453 5197
6348 3158
1269 324
1153 4221
6240 1637
487 5980
4789 4777
5067 2379
5712 1753
6457 1414
902 901
3279 3234
1284 816
6617 2737
1134 70
1681 5983
1520 5420
5588 1832
1932 1505
104 5849
1900 465
3891 3345
1830 762
5762 418
2670 712
2606 181
1771 195
2174 5915
247 3553
1245 4539
3000 807
958 57
3374 2020
1682 5993
3786 3849
4117 1022
2902 991
4100 70
5688 5905
1063 1699
166 2327
5933 5873
3686 1565
171 1441
5193 2927
1423 5248
3000 204
513 282
4463 3614
6341 1980
785 1082
181 2608
120 461
562 2111
2328 2313
316 4494
5993 1677
2642 2641
1928 3905
3310 368
6151 255
779 45
527 5124
3997 283
445 6092
1781 5397
208 552
926 6732
6689 2173
6671 5085
6200 1706
5724 2991
2959 3957
211 6
5205 1429
5774 1231
1497 977
6244 3662
405 3941
2207 718
4875 675
4170 5883
5627 3979
269 1029
2311 2229
5774 568
5166 375
975 5014
4406 4404
1643 5864
4615 1264
2823 2821
6085 1706
1693 1228
5876 5804
117 1709
3944 280
316 898
531 136
2202 513
72 4195
686 690
2135 1375
3267 3266
4548 1678
5581 3783
5324 384
3842 3847
5581 1039
1828 513
1646 1643
6018 5090
3974 3980
2926 2923
6564 1854
4776 338
6556 2899
4773 3851
1287 4654
6067 2023
89 1009
2366 6503
2789 191
581 513
4889 1356
3326 3327
6492 1839
2991 2975
2990 2195
2018 2538
1435 2123
1599 1593
2138 2337
2642 2019
2500 155
1641 5316
1406 834
2604 549
6354 6351
5629 1821
6367 4167
3832 3790
4770 1319
3234 150
1918 870
54 2022
5750 5755
1491 1494
567 638
821 3711
2136 1658
1082 1289
3423 3407
1515 3129
6549 492
1529 2368
1667 2498
699 40
1565 488
3657 6765
6549 485
6795 4358
2814 193
1050 3873
2904 198
4767 3424
2395 285
6240 658
698 3283
2546 2548
5232 1463
2123 3317
5511 796
367 5091
3292 2368
5183 5594
2018 2826
3682 32
4208 2763
2182 4494
4819 2563
2708 2710
5648 5644
4189 2587
174 2426
757 996
1216 1545
2079 538
550 549
973 975
3571 11
6854 515
2189 2187
5061 632
6453 6223
386 126
6431 6428
5708 394
6446 43
3277 276
3148 848
5616 5637
6550 6549
5774 5168
499 6681
1330 58
1957 3786
6843 582
1178 1174
580 582
6314 6373
278 2218
3515 3518
369 3320
4703 84
3937 1789
4448 4441
378 100
6222 6182
450 2584
2183 2058
5939 6002
634 3681
3550 3773
1167 1161
2369 5069
1483 587
134 3682
771 435
582 797
784 1376
6731 1082
1031 1914
2583 1059
4154 4153
1576 1578
3720 907
3577 3392
234 3380
5391 2846
3722 1507
6632 1887
5712 1752
6883 6877
3734 3736
2937 786
1600 5679
2485 418
995 5979
6823 1048
1746 1748
1451 1415
479 276
995 486
1343 11
609 5146
816 3977
1366 533
45 189
5276 5280
247 2171
1271 877
29 468
4414 310
3320 3319
6125 1588
6632 6619
2371 2026
3658 3657
5586 2092
2428 2439
1 3104
6103 1793
3327 577
2627 4831
6829 195
2251 755
2105 2107
3536 163
210 4039
3528 3526
755 13
3245 3241
5164 1028
3946 3418
3405 3455
3660 1427
807 2999
1480 5309
2211 155
1087 2121
2915 2903
1760 259
3432 934
4751 1309
6572 3748
2712 4911
6468 6464
6215 5447
6619 6620
1739 1066
6445 1832
2026 2477
6555 1984
4468 4466
864 52
4229 3092
989 995
2187 150
5657 4385
2142 569
2925 5193
1769 1773
3190 4196
2882 2740
5910 5088
2741 2788
6 5446
156 2231
2185 150
5185 3802
5411 5406
4835 4831
1091 2011
4192 4186
3314 1389
2058 2046
5380 388
4480 3530
431 107
1833 1832
4160 71
6579 6582
4628 1553
2159 559
4492 579
5586 1834
428 426
1044 1037
4735 2556
1426 1427
4035 1081
4127 3848
3185 1967
5189 367
845 5169
1972 1968
3281 883
215 843
5663 409
6079 1743
6653 5629
5738 1610
2353 1813
6264 4726
1733 1731
831 1068
1531 799
127 259
4833 6507
4351 1441
5369 1503
6339 13
1360 806
540 2040
2638 1034
5793 832
5340 490
401 17
6579 5492
21 1930
2465 4536
1195 1193
1422 554
3142 4
5202 1231
4115 1119
1084 154
1467 94
6805 580
1614 5738
4427 4249
3105 3101
4934 2833
802 1769
6154 479
2573 180
3693 1063
2492 2488
5784 1598
4050 5272
6030 6027
3432 3431
11 227
478 97
6345 2927
5914 531
5166 1431
3656 1002
3558 969
3094 4439
3314 41
3967 3043
531 33
4016 4017
3943 312
2840 758
184 674
5980 1856
5885 5785
3029 816
1962 2022
1057 13
6172 1884
128 6461
3015 206
2171 3122
3744 63
6327 3217
4292 4290
2826 3647
5881 662
6304 862
3563 3562
6866 6865
276 870
2616 4483
3887 5878
205 203
613 2313
4921 353
1845 490
6844 6848
3010 916
942 593
6848 4136
6131 6085
977 978
3917 1885
1205 63
5384 5382
106 670
100 130
5433 900
1564 387
1471 2864
6241 4707
135 521
561 1000
756 2821
6465 5580
5760 3069
1084 853
5862 5501
6445 127
6443 1824
1580 2826
2494 1613
3940 2226
4545 1255
537 2000
4102 2962
4556 1250
408 1463
5687 1662
1983 3343
6531 1554
3967 1835
4859 3726
908 54
