8264 4661
9724 593
11001 272
10437 10433
6981 485
11087 177
13873 12496
7718 10355
9273 9275
596 8628
5223 4712
11890 274
14776 3603
4302 392
14288 3246
9267 9278
189 6905
11157 6141
2920 800
1658 2478
13099 562
5313 2776
251 10084
3906 4579
4619 3363
2504 2505
294 401
244 193
7582 1454
2084 2174
658 1019
3888 4025
8319 10119
4459 4134
297 345
11137 11979
13913 4995
6634 3581
2315 11237
622 3866
1988 2169
7841 6836
3135 6411
3789 18
3798 646
594 15
6481 9001
6905 6085
3618 1358
12224 254
5701 6365
4052 1765
3533 6903
1893 1955
2248 19
12868 1005
14878 382
6832 5954
4335 4332
8 2829
11772 200
6459 9872
6237 989
12012 4592
12802 2186
12873 12871
440 6024
7295 862
6778 2263
2832 10762
6555 5771
14679 14678
766 12433
10450 6613
10115 2447
4458 525
6072 3236
13890 2773
2842 276
6922 10298
2833 822
5760 5759
8274 14156
307 575
1701 9851
6330 1488
8820 2786
4912 4151
12005 328
7349 192
7711 4741
7276 9598
1591 9840
11401 6330
3478 1690
2164 37
7798 3256
8978 8414
7938 1574
7719 11821
512 231
1434 9736
57 11054
1470 2531
1370 770
5744 3475
10356 8927
285 1652
2633 27
3541 895
3252 592
516 2022
4451 5449
7437 3534
821 822
9347 2172
8254 1672
656 6905
1078 1696
1577 2525
6132 135
6025 324
45 9979
1396 201
2963 595
11864 6113
6329 634
1208 609
8759 10634
1072 739
7367 488
12542 8376
8733 6305
13700 359
8206 7622
12868 1005
122 2978
5000 1987
2310 2634
12971 2803
2751 2750
6583 1666
4311 4065
501 586
12587 981
9230 944
4877 773
4640 4641
10006 10220
1554 367
13539 10932
5093 1869
11156 2956
7224 705
104 6369
13127 3970
12073 8867
131 705
9774 9771
6004 7228
1383 89
11977 14546
4539 4538
13535 422
4290 284
778 826
11010 15106
5166 8944
2070 1038
8884 8886
11951 721
11821 11063
2522 4246
9977 6452
12343 1169
11113 3283
13254 13247
196 3502
3681 5572
148 59
10147 10144
330 6122
13570 4263
11044 11756
701 7929
10660 8257
2078 1296
8195 2334
5800 5799
7085 225
14265 10055
8931 14811
10396 707
8371 6329
5276 2872
11251 8399
12269 12268
6167 5159
2454 7515
5907 247
1874 527
14190 4156
2799 1209
9968 5367
2523 8511
526 271
13333 1368
159 634
10026 1827
8530 11646
3295 3296
6209 1037
1777 13927
10482 10481
10746 11499
8536 1256
7219 1209
1257 2491
8206 2681
5270 5269
608 3677
10914 4714
867 3412
5552 188
7769 430
6000 2077
3872 3873
13560 298
3409 883
9866 157
1547 875
4962 1196
5111 6029
9272 9264
8301 232
7686 10298
1221 742
13097 8044
8349 8347
13248 13253
13901 12929
1514 6210
13052 12049
9272 9275
3028 12690
6089 6479
4551 53
9082 1677
14778 11237
1192 287
7716 1425
8730 5680
10945 3340
205 158
371 9975
93 363
5007 651
1147 3786
8088 8089
6411 6840
6889 14155
2224 6049
6355 10084
12625 4523
2248 5699
894 940
13052 4392
4319 1256
2191 599
629 2954
207 108
240 1458
7571 10626
3087 3085
1897 3223
1481 190
14890 14886
11778 1084
797 8376
30 1189
312 3958
9764 9763
11952 9
11421 11404
7953 1645
9265 9271
596 10311
7145 2665
12348 799
51 10660
3014 141
5683 4979
11861 590
12868 1818
3374 1715
209 330
6325 112
2907 1619
1597 340
9990 9859
311 3552
9262 9271
9922 5745
4969 2703
5474 3736
11593 10317
14837 7369
11549 8194
784 1188
14173 14172
4391 1335
7360 1504
5788 8258
3177 3176
8640 14762
5461 2618
13807 442
7108 7243
11878 1175
13461 1943
9012 147
2979 29
8150 2247
2091 460
5727 4379
1237 5623
8432 8429
13248 13249
1420 1423
14775 12790
308 14
4913 10761
8769 882
7579 7673
14295 2279
1731 3939
5166 4085
11426 11417
14866 12975
6763 6271
4428 3902
4902 9494
2244 750
3873 3871
9220 3649
1053 7438
7158 12515
8730 627
2818 3067
130 8613
2383 9488
11549 8194
2725 1645
2067 10406
6165 1127
11894 75
10798 2626
1973 10409
5458 2477
1438 6573
6056 7021
661 539
2724 1493
9012 6309
158 5370
4706 3541
12871 12878
8511 640
1189 514
622 1473
3315 8652
10741 2365
938 12770
12018 2655
10151 3847
9847 1151
6695 121
1035 67
14240 10250
9547 8374
10356 4520
5004 953
6456 8035
14431 1740
3607 1196
11250 635
5770 1877
1434 1641
1478 10547
2829 1148
11416 11420
5341 2702
393 112
3245 3244
6148 4929
5722 5721
9283 9261
10538 2640
10382 14265
13757 13039
8150 873
208 210
8625 6021
10115 1610
5611 2763
6007 896
3426 1519
4156 223
11187 6271
7663 1397
6515 6641
3911 14675
11855 11856
5079 4576
180 6000
8315 11445
7984 7983
14367 6837
3652 1257
2491 5380
1588 8639
1446 173
1771 57
6437 733
9004 2315
12234 987
5892 9952
8748 775
940 242
7666 8378
10749 8739
10474 9416
13305 10620
3624 3147
11186 5622
2704 1524
1074 2382
5450 9857
553 174
13036 12601
4394 8944
5174 4393
2597 286
8663 6727
12396 4627
9784 1825
10910 1784
3183 3314
661 800
13202 6035
9098 1954
4353 4355
12231 1958
12073 884
11024 1954
67 1032
6101 135
5225 2247
3890 1296
14806 14805
2587 866
1657 483
7243 3077
14653 6487
627 966
2483 5093
4301 1578
8927 9040
12088 1683
6086 12245
2531 6011
513 11011
1519 1587
15062 15061
6603 6602
7708 13865
10033 10032
1725 1698
4676 3197
13889 13888
6029 7779
2318 259
2390 3643
2833 814
6340 8024
5460 1475
630 257
3597 3137
2897 3360
11604 8130
8015 4047
834 267
3953 162
13531 1672
14745 5385
76 2188
386 14
10462 9780
10660 4877
1232 4492
7195 938
6779 1997
11755 7000
11346 5093
207 1
7863 7848
5912 9651
945 8990
14412 2297
14609 13626
9459 988
1591 11086
5812 1405
5948 5952
1067 1282
623 251
3429 10552
2847 3483
3767 1987
15195 8690
4882 656
10026 3008
11404 14089
5883 2746
7957 6707
2819 37
5595 1122
13260 13258
3548 2795
4717 26
3775 1435
7228 4157
1547 3787
326 3518
2506 9011
14055 9861
3870 3871
4206 5594
1074 124
816 5364
580 1189
9963 1652
3283 1596
13192 11877
2080 6801
2129 4453
14178 3163
4773 125
6159 7150
1795 460
1308 1307
6237 3026
3215 667
4991 6349
10775 535
5461 1866
7673 4452
3123 5629
9550 12958
13615 5949
6912 12223
13072 4683
6143 4589
14257 14254
3248 2934
3440 3437
7088 1492
91 7657
10793 4047
9740 1662
3768 79
6691 610
13274 10133
834 4585
5020 5415
6588 2550
13839 2795
12874 12876
9844 624
1171 3913
8008 3735
6691 8150
885 4586
11412 11418
13994 6168
164 490
5003 14156
14668 2250
2144 3571
9960 4156
3836 684
9779 9780
210 8387
871 8854
1654 15
12868 12867
5699 1361
2188 2075
415 1980
12469 9994
826 1400
4746 3126
1688 263
7932 8752
2153 8687
9334 2274
1385 3738
11593 10316
4476 5501
5716 5714
143 551
948 563
13056 8474
1594 12976
3239 3240
4205 4207
13557 8775
6213 3258
5985 3753
7004 5007
828 2182
792 791
1501 10786
10262 7055
9359 1970
58 1060
5597 10692
5235 742
8058 5261
9221 6301
11568 11567
4382 6068
5296 5297
1146 10315
11120 4457
13932 1222
6085 4818
1778 752
2424 5550
6131 6545
10620 10617
3061 402
7079 2442
3533 304
9579 1183
116 51
9512 7300
3401 5124
12879 12871
6307 12455
14225 8087
1395 1572
6438 303
1648 1649
1585 140
8138 1019
9264 9263
3965 3966
10470 7418
12795 4052
1291 10413
1336 6072
4272 885
14710 12718
3949 10
5359 1277
13084 3675
13807 370
7226 79
9208 4160
332 1870
4329 777
602 939
10782 10780
7106 12009
12752 12934
9369 485
310 4290
6419 4635
15059 14921
1918 688
12688 1546
1175 705
2948 1793
10531 11512
2039 4499
1017 638
13309 5555
816 2829
6680 54
7857 3597
1891 7084
2921 3939
2646 7590
443 447
15005 4438
6413 6761
67 546
12818 2162
213 4882
2680 684
8264 4665
5378 5002
8230 8231
5121 606
14885 6714
8869 4176
14068 11228
287 2940
4426 1587
90 7105
101 1032
4999 4586
346 3553
6034 1868
8206 11909
2117 1495
14649 624
3685 1478
7355 6032
5634 1135
14737 1687
4036 4797
8642 1528
2500 8851
9871 1492
12837 3325
163 805
11334 11333
7838 7840
12590 74
85 592
11420 11409
5637 4109
13244 13256
3202 714
5921 1286
6567 2302
11460 12516
1031 4158
7822 13372
2564 2884
3744 605
7727 7172
8314 7814
1434 3612
14201 12569
8755 5774
12516 3008
957 13197
9919 1346
2409 8400
1653 6101
2780 6182
2452 4075
10638 10629
4450 4897
6641 1512
5408 3448
2747 1285
7237 4575
360 37
5060 288
5525 5524
14780 9376
1093 1094
13973 4350
4010 8111
12487 2673
1038 12667
3653 89
5693 13932
4824 883
2456 6145
15151 2490
11425 11418
1269 3246
11985 1037
652 8862
3541 352
10028 12052
3624 11381
14273 11118
2525 752
15174 8195
9638 9640
5639 6191
12244 874
4149 2273
9830 3
12794 13801
11027 205
340 2215
698 80
5639 6858
780 833
4698 513
5276 7022
12958 8893
13983 9131
11499 9839
748 13928
4422 4419
294 10769
317 226
2411 4978
11527 608
508 11148
1396 14160
9613 9612
1776 606
4033 4032
10586 10587
7015 1645
13210 1030
1489 2820
6126 282
628 200
11406 10813
7408 2155
4784 2290
4272 1729
4801 2520
546 2940
11522 11521
12857 9128
1175 48
8070 8069
11222 4471
1308 572
5866 1
5675 6475
7772 6877
762 1882
13247 13249
11403 11402
1193 3429
5771 134
982 8863
11294 8330
3196 1390
5829 5830
8545 6376
9273 9281
11355 1587
10326 9377
1954 1221
8023 11979
7272 4606
2915 3725
6558 1223
11424 11415
1701 8
10851 9774
488 4425
6102 1947
1830 4520
2624 3795
972 140
10313 3746
13 4426
3182 770
8269 597
2252 3542
13842 8864
1488 194
4754 4639
13322 3736
14004 13631
867 804
544 1960
266 627
112 713
7693 7695
1809 1414
15169 2145
4975 54
9197 6334
8621 6301
13443 789
11624 11618
9755 2514
4975 235
5901 1032
3977 4357
969 3041
14650 310
625 521
14766 608
2706 4472
9188 1463
4519 8210
1362 12004
589 631
7119 7120
5928 1494
8 1682
5219 3151
7252 7968
4423 4417
4538 238
7906 7909
10008 10007
5991 1756
8079 10688
12684 2799
375 1304
949 272
12114 2974
3487 1223
9395 9394
1052 1840
11243 413
6239 5906
5296 5297
11053 207
12052 7290
5556 2940
5136 7970
10548 4181
1127 7719
8615 8138
3354 1115
548 119
13046 3852
2448 2981
6190 6189
12434 3146
15192 4518
1646 2747
10298 639
5007 9
8628 260
12468 10105
8153 281
12477 4605
9853 10388
484 343
7467 361
11844 11841
9513 1235
5505 3816
5421 10119
10113 1609
14293 11369
6514 1244
8229 8230
3366 842
7898 7899
393 4824
3130 3133
2244 409
10990 13662
12590 160
13763 1237
3523 1555
6937 6938
6720 6115
2210 4173
14805 13601
7925 7755
10142 10712
13689 1758
7992 7550
11648 9738
8403 6475
11298 7860
10030 1142
14748 4319
2298 12980
4551 2711
11883 4715
12658 14837
9436 8357
648 454
5629 9413
55 2441
9079 1176
9274 9268
10197 4254
3512 110
7510 7509
2297 3864
4719 8768
8536 535
1475 2019
9839 4280
5486 6086
13984 13983
6118 809
5060 357
2067 7244
4209 12705
6117 3305
11330 11328
1759 335
3163 528
5869 6139
6261 10854
14631 2597
