655516 583330
768895 378168
132477 407216
444688 675793
350116 508358
75891 10681
709036 569999
537480 835291
606248 92259
706471 559907
506852 118192
683229 98420
678332 581311
469239 737321
798970 686871
764409 354557
729190 388105
543718 413868
312892 728746
370442 423929
833175 5407
336603 207653
305106 585320
697927 367053
298077 150302
804767 738772
447492 183501
789562 182121
346169 161360
799755 725981
392711 723483
442774 430644
181785 561980
82128 189711
692823 403705
790856 291880
793836 464733
65142 532258
515302 537453
589424 381633
237436 80373
394001 741325
406137 549878
721729 179402
803763 193361
570948 91659
184024 635117
755793 169147
862161 495507
332663 145205
840794 382502
646097 407693
523332 659208
187455 354998
738920 582756
237088 626176
174603 559663
568016 97436
78301 689415
310060 117693
607987 279446
472562 540401
349061 371851
202742 500082
741332 463006
392333 770106
286800 33214
106409 471785
127222 423386
266007 552857
42414 385788
597287 276961
578131 388870
141829 778964
270581 36292
32893 199708
174075 372025
78572 50950
273626 687325
6642 286042
165656 560267
606778 450946
543521 59330
100098 307844
193496 234388
537577 166975
810754 32407
814509 87332
279423 425769
865905 815538
109098 129273
755692 291856
84785 579169
637168 403705
858298 146054
134976 245419
224505 790032
512236 608217
745625 670753
232080 64298
552425 721892
64626 58503
457712 7557
302436 461584
173815 411731
847753 617180
869369 210045
43915 157061
795169 737816
407002 58690
49195 172133
77163 695534
158385 552045
479238 554139
224606 246369
568662 513364
506240 189711
246499 549196
521319 556551
358486 407694
563900 796519
298529 822523
639421 728877
745457 54251
563111 276241
744990 245685
349542 529049
690114 811979
176709 395210
528993 703412
14331 383109
677350 732106
248897 708352
798493 57623
84083 205606
151204 583164
747200 167250
358434 147565
299210 635117
48143 288091
511571 716984
414638 259917
439884 769729
658698 175612
152568 573440
425478 828767
590189 333917
533634 603105
617791 665917
596771 267871
512904 750029
697268 207802
235670 536551
502517 394371
255783 11559
216416 283463
843322 505977
309455 137969
417513 126222
603991 832416
368573 588637
456269 262769
731747 166510
742824 580288
267665 189711
505108 182625
657574 785422
150144 342381
79524 355804
95341 186070
251738 478480
754873 792239
749075 539433
626249 546644
788899 393974
826785 530976
341742 15465
195443 687325
14345 654768
10148 812141
318560 183181
659966 614392
126226 119701
252267 805858
620219 40202
60067 288217
19921 82312
867579 27742
512306 793503
23055 715433
854061 369341
733211 279211
817485 651397
666881 489810
706326 163524
230342 718209
400071 330459
300125 25690
439004 443482
441054 441145
744454 631556
326369 655736
312858 7869
462978 850176
359774 770386
39421 332382
273192 255006
90856 86242
314152 59138
490245 303678
252371 480153
764057 773816
632343 773847
736388 427618
340760 680980
843759 489092
766932 407587
640065 356946
245114 728257
195991 357152
45931 181637
114586 823363
850618 439155
75103 208627
409695 220164
782876 430132
121957 202757
399127 452291
91151 148917
469421 350031
41172 264340
868104 771015
274703 750924
30676 232528
422511 94318
143340 96943
612388 636288
568601 240410
555627 441145
456382 761445
17241 474672
44376 67945
454392 284921
205670 351975
593105 108726
561542 772120
98209 644625
49142 760138
598022 53918
563308 98610
286991 380628
449727 658753
114754 313998
224544 638415
137850 122704
186202 435743
258764 457511
179265 76010
688647 544784
185671 387444
653901 856563
838880 583254
101139 150326
29188 330569
157102 349391
509410 512295
284594 188260
429659 329693
750529 847589
422037 188951
166554 231135
75282 126549
678716 792370
854490 672954
589478 590573
460374 505133
661837 11953
874866 680463
270321 683991
476481 392161
15936 393540
179897 384553
711057 729499
69410 619095
354342 557124
54451 267243
835896 428360
662027 622610
364665 660765
662437 297258
448060 276694
84847 127954
199884 316748
44012 135057
863527 681015
24206 588753
587880 547995
687095 715080
808297 314034
350485 229010
852550 340844
677317 32163
705539 250139
177886 87062
861539 198443
530940 341962
355286 96010
412420 587721
833157 505619
18232 197872
841149 502995
630573 422617
818264 438491
24411 825483
35473 239318
725765 275688
391563 661551
680145 557124
651574 226013
713870 463219
736480 189711
241852 515836
675602 126133
122409 632695
642487 9151
166800 175351
834761 320243
600336 335965
124941 391537
121922 272618
197489 488186
542406 661841
840209 38025
776474 491221
257518 543262
530026 449374
628876 317211
345991 109447
77976 39391
492895 452008
221323 799598
300018 708670
341126 717644
87775 543275
557741 828222
653440 691178
405039 797448
708888 781078
783179 268898
47794 633200
115564 434266
111904 483967
90979 113508
11272 265752
260500 573539
794912 64890
717255 387911
184421 121904
169332 646486
195812 311104
573913 322846
444011 38025
691530 571297
846391 457339
121871 66548
538272 531432
813618 33396
139839 81625
214458 179566
675303 174202
329308 135406
109849 638706
139977 191916
618011 649520
62525 137553
113452 174841
705351 328834
607081 613160
296244 81662
393506 526346
233803 11725
287490 677729
515215 706487
441906 435949
270396 788783
219865 752035
725395 538647
29050 328491
393010 553727
838563 130442
874566 117337
68162 322735
589456 321126
288205 596979
557601 566751
778832 712040
771707 849435
21387 654989
795529 417609
366875 217135
230379 508342
209950 512295
542265 599265
594665 684544
586510 607288
170089 173101
26472 130679
328651 490572
684201 245186
850526 427530
727711 6206
459329 181637
590620 568104
615226 130431
250932 351504
16221 536365
263253 299657
853377 489599
642168 291854
352237 601252
790260 538150
286932 105517
659977 474242
54346 76221
804513 826251
447853 274045
834295 740676
657811 294153
786292 588637
345813 173699
142301 340409
634489 264085
323606 480225
489561 502166
113195 475113
439289 229851
554313 340328
548465 192416
40956 527832
684474 526798
674738 331754
246959 658019
709883 554506
236306 649723
98330 539008
41472 111585
219410 303109
31091 166106
325381 7897
205971 486935
111677 245820
849592 396173
92924 244273
255566 71640
252150 803816
811788 553456
688461 61429
487245 495507
511789 164501
576530 307442
461992 542911
208780 129997
685401 651993
215421 763474
74122 659554
837159 416972
452303 414403
79358 849
49328 347085
367629 658034
798792 231088
324243 655618
708828 557780
769142 396325
712064 275290
797201 129990
813633 492108
543635 538816
723126 351558
365828 549346
753257 224410
174193 296042
558632 786182
460576 123098
79326 43979
585025 542563
669290 328804
677799 290026
836199 516871
147300 218606
479803 711327
626175 333724
689483 791675
394424 147519
767126 562452
578922 427629
475634 442427
646237 338620
86930 404971
794039 689643
622494 669532
631887 149540
301081 566461
420402 107663
198645 762350
613997 121169
419014 654756
796215 626412
860329 583056
421259 597621
528307 678491
788417 46562
68428 176037
849222 357580
545921 446745
741591 346197
223644 779201
693590 280968
317184 531068
611924 410837
762256 217597
31485 631906
56727 548799
135354 94657
232541 674168
243442 742743
372026 679792
385363 164257
793145 26279
28174 770923
214780 210045
812868 782011
169359 559971
133959 635344
506332 520409
131614 781041
599076 146876
457362 855597
340410 111120
214547 824751
661349 351353
227025 67197
344697 175647
175163 774317
460305 280422
524062 108551
171427 565303
458580 195938
34130 167768
778630 229299
418793 709012
641000 394945
235021 170066
396742 179865
267659 423177
260227 615348
20819 225400
677615 712777
546021 666882
830389 100538
288907 707696
758405 600493
643865 12972
488916 642088
416310 697479
188279 537039
462878 804464
826469 713231
523702 543475
548761 67540
728877 186515
187625 4361
592800 96976
407848 100158
523765 770897
267076 521845
59236 142429
820878 770391
279869 112554
875170 515299
860108 200740
281986 606509
211984 44038
329170 590755
621485 171717
119267 87421
373862 12522
21366 522190
322054 157939
671077 71032
808152 12935
198902 423011
766556 549871
824954 514385
36757 189711
775318 516360
320942 778788
337333 856286
397515 732122
259491 344095
491305 597095
66430 815517
397317 273500
528490 59336
631612 159524
176483 174240
325967 435579
768550 79050
783460 545901
314124 75280
480659 526797
705976 692123
114702 501809
607722 107509
680696 554613
833876 286245
472118 577888
634768 541041
659875 136167
92609 551829
721896 752874
601988 291475
761582 103859
35415 297605
178518 579985
446229 464127
277439 787964
866733 380578
128007 805722
558943 68488
160469 460744
770215 761435
9188 494016
20981 215154
628137 235401
378304 738931
658866 557638
743636 295371
143384 561467
749231 520944
90581 70049
404795 499542
445383 483888
220528 157265
727914 183917
279937 247178
776152 331565
674190 171149
438088 622695
679640 299946
264539 70256
487469 631503
468334 583174
701648 603132
687740 852320
394382 504140
835478 619808
508958 368201
408238 60846
280575 74397
367310 274256
767106 189103
447113 426128
502084 559773
792506 591475
332369 325709
680222 409528
596008 604169
789227 101999
303064 353412
259720 294467
863507 575643
658450 534378
518580 420145
471440 699353
585146 161326
429148 367811
490324 476281
699159 234274
418617 522148
8404 395328
646868 5289
753625 214995
716888 619832
97652 183182
389788 298114
787820 750214
158406 359896
158029 78233
310018 141988
378836 429893
178098 43792
849895 436008
790776 79333
62517 411410
195070 301504
791346 440770
462818 134534
791688 602679
261549 99159
380180 173041
430323 247385
848110 834833
580378 186167
495123 584591
339008 25897
22781 149187
297180 323129
368584 661696
805087 197357
836819 482922
812835 717450
543480 676626
711081 218595
557261 389381
513719 718664
68607 41799
615461 457053
669755 326957
318748 605425
341661 232732
40045 581190
548699 108253
785928 507209
862705 585844
273642 599265
453088 567722
445941 337905
206336 539669
120474 206750
150434 130675
707554 83546
395391 525485
66327 356032
559665 154378
684569 318541
285996 323665
638183 142022
632991 184988
52208 662445
121091 21175
381610 426892
711836 361676
679916 506850
718667 53350
256968 383423
338859 730680
482403 209111
157606 276725
567516 50377
330291 647985
648741 587935
513859 599130
406421 613160
416650 199713
255031 774017
232430 346389
543420 543708
400675 10897
551484 605650
536711 65504
453063 61113
102348 295273
852218 250667
653766 223045
543342 380390
660898 568104
377016 155278
536220 288745
456740 239401
635133 20401
316018 23148
514595 615820
402857 247343
72658 784444
238394 85266
548119 828376
74640 6660
337560 563424
158133 640903
664056 265842
737830 553997
582421 701326
680782 190311
543613 449554
586749 251647
520930 782241
766754 182103
200594 604596
332410 290832
266636 33787
513996 23357
359158 168886
577830 407869
331079 692758
799862 297258
175784 653552
851184 361101
364328 542797
693598 132869
796172 134000
72469 94991
184743 208381
239317 196192
636440 186802
68502 138746
102158 344346
549496 243102
550831 543618
799032 392285
174948 154264
18297 516263
274004 122407
864146 467362
811481 271658
331472 400231
378278 175647
88330 138746
490513 137821
224947 224485
78554 430438
85001 270303
751361 751939
365888 867744
480584 34849
204571 789206
122603 624451
368113 498056
505585 708942
184197 824469
296019 239304
520555 364318
502062 35490
369548 419669
728415 222400
669567 535702
531112 575791
776385 119656
474892 338570
358681 162624
699157 54147
248654 134000
230129 345489
699785 6658
326071 824899
732684 155693
807520 595624
557426 409430
111522 733299
617038 507493
421097 716739
285062 760942
781255 137553
523258 383434
571056 191097
58815 262647
67011 277404
837941 27883
835879 215576
778952 599134
443066 782025
444925 445125
422639 50732
667462 542323
718496 254889
380304 455598
42657 398768
462604 100118
640201 651098
200068 192591
613611 99070
805642 35028
663116 214949
736699 103323
297439 118362
339799 576409
495264 721116
110574 676623
801889 368690
236813 594667
533847 773996
109138 672125
51154 133813
797413 372037
6609 155664
446223 131111
270392 345992
519088 336055
389571 65283
636378 829981
803866 402414
78881 485283
475244 724688
141654 73696
599377 248362
517812 295129
311637 530509
547075 592220
463025 601148
702394 114146
16212 662621
598883 228181
864113 154946
717571 270516
525356 568104
632337 712543
614769 768091
847581 326312
872334 757693
359483 60983
131090 611436
69807 436977
705099 217786
137056 127870
331021 270459
508384 305105
522914 333646
687666 421863
272437 699196
695789 70789
118503 401290
546776 634151
443125 88838
871680 848042
73768 497159
148815 110213
513900 252485
752123 126193
490121 256576
196387 32163
424618 634346
757692 66031
746457 648301
576362 366585
367801 856509
368364 724007
536356 188806
525155 482504
807359 291573
549903 466862
277430 610343
131513 642664
591733 608724
195742 484120
16969 587060
125511 834420
785217 770505
221690 307309
403086 728634
407800 278032
230911 112603
302779 128806
437886 800513
13257 245403
155327 567204
579487 90364
300503 587938
197389 592603
732426 418382
272215 477182
796986 429832
40958 185682
741090 464376
420613 56687
129166 347593
677005 194066
475162 418614
30350 225332
800416 215157
517829 558634
871815 184760
844649 274649
694513 53866
251324 641628
737762 290284
809126 374008
631876 78768
310131 568676
262545 65611
410389 357645
786371 32402
208294 333842
80625 288377
258000 647117
756612 48749
584634 811086
96114 732110
557834 58544
203366 381464
504410 483659
853474 133567
628505 824975
94218 124542
99480 309092
447604 693576
586558 526546
554358 462344
818919 200167
8439 51643
25865 146876
